Epoch; Epoch Loss; Validation Loss; Learning Rate;
Epoch: 001, Loss: 0.0198147357, Val Loss: 0.0167738551, LR: 0.0002500000, best model
Epoch: 002, Loss: 0.0150879484, Val Loss: 0.0112715772, LR: 0.0002500000, best model
